Sample_ID	Well	Plate_ID	Group	Control	Flag	OD_Baseline	OD_Min	OD_Max	OD_Emp_AUC	Fold_Change	OD_Offset	auc_lin	auc_log	k_lin	k_log	death_lin	death_log	gr	dr	td	lagC	lagP	t_k	t_gr	t_dr	diauxie	MSE	K_Error > 20%
0	A1	amiga_processed_processed_compiled_autosave	1	0	0	0.078	0.078	0.078	1.248		0.078	0.0	0.0	0.0	0.0	0.0	0.0	0.0	0.0	inf	inf	0.0	0.0	0.0	0.0	0.0	0.006083999999999996	FALSE
1	A2	amiga_processed_processed_compiled_autosave	1	0	0	0.08199999999999999	0.08199999999999999	0.605	4.529		0.08199999999999999	3.2191390263631443	15.40198964591523	0.5219464886645705	1.9965098934443757	0.0	0.0	0.3778985471465957	0.053037050400385165	1.8342149918111679	5.552578421702252	0.0	15.75	8.25	15.75	0.0	0.006736445504713256	FALSE
2	A3	amiga_processed_processed_compiled_autosave	1	0	0	0.083	0.083	0.585	3.9597500000000005		0.083	2.634760006011902	12.821038277787542	0.5007637041689632	1.9503205113263749	0.0	0.0	0.4440551521765751	0.03741635491629772	1.5609484028333505	7.2229816858832105	0.0	15.75	9.5	15.75	0.0	0.006891530000987463	FALSE
3	A4	amiga_processed_processed_compiled_autosave	1	0	0	0.08199999999999999	0.08199999999999999	0.632	5.715		0.08199999999999999	4.404180226795489	19.365833005593032	0.5473946734202365	2.0379115981821427	0.012142078638731402	0.01948270135562158	0.43412228206945136	-0.03613398864762669	1.5966634498826642	3.8380916034384773	0.0	14.5	6.25	15.75	1.0	0.006727630426485631	FALSE
4	A5	amiga_processed_processed_compiled_autosave	1	0	0	0.083	0.083	0.622	6.70975		0.083	5.390862876244229	22.684688502318885	0.5384177009683904	2.012228037672029	0.001660517894850222	0.0026782269417431337	0.4486926788745691	-0.016504434590119185	1.5448149996530538	2.2352150339832217	0.0	15.5	4.75	15.75	0.0	0.006895434344483034	FALSE
5	A6	amiga_processed_processed_compiled_autosave	1	0	0	0.078	0.078	0.084	1.32225		0.078	0.07251154095729381	0.9232247228050143	0.005193470085091315	0.06575508490271502	0.00036760749319106334	0.004422753316315975	0.03847774105598454	-0.001966746858300004	18.01423788240132	-0.03589660360035025	0.0	8.0	0.0	15.75	0.0	0.00608397020963884	FALSE
6	A7	amiga_processed_processed_compiled_autosave	1	0	0	0.083	0.083	0.9840000000000001	12.1095		0.083	10.793717558994832	31.83255183006709	0.8980288918689977	2.4688689297176043	0.00838634583110931	0.008592966631957744	0.7183755847154605	-0.032745180967388536	0.9648813173884413	1.218766796368625	0.0	15.0	3.0	15.75	0.0	0.0069837733569032764	FALSE
7	A8	amiga_processed_processed_compiled_autosave	1	0	0	0.083	0.083	1.022	11.6245		0.083	10.300131597645969	29.867070166396065	0.9399929496091219	2.511390460852185	0.006686517180273022	0.0065593744656711195	0.9998603883628899	-0.05081188114504588	0.6932439654848833	2.8595842952023025	0.0	15.5	4.5	15.75	1.0	0.006916251868456097	FALSE
8	A9	amiga_processed_processed_compiled_autosave	1	0	0	0.083	0.083	1.157	13.383		0.083	12.054755336001538	32.91048606898946	1.0739764834787908	2.6347247525589528	0.006979858011154638	0.006051114831292725	0.8671609738385893	-0.047131921635628675	0.7993293073276215	1.7416530487767412	0.0	15.5	3.5	15.75	0.0	0.00690214640398407	FALSE
9	A10	amiga_processed_processed_compiled_autosave	1	0	0	0.084	0.084	1.053	13.006499999999999		0.084	11.66386309483545	32.96111261654875	0.9630662450684907	2.522818336542146	0.005464438770153457	0.0052330639906212895	0.7410601435996252	-0.0376931618292599	0.9353453785721797	1.1196761793153889	0.0	15.5	3.25	15.75	0.0	0.007087412769908725	FALSE
10	A11	amiga_processed_processed_compiled_autosave	1	0	0	0.078	0.078	0.079	1.2485		0.078	-4.2333116331561005e-06	0.0031851551510550316	3.0013183728583304e-07	0.00020631068198400428	2.105739008162466e-06	2.699144909324214e-05	1.801285705020136e-06	-4.372141888812452e-06	384806.90688221325	-112.39950648684838	0.0	4.25	0.0	15.75	0.0	0.006081578046454728	TRUE
11	A12	amiga_processed_processed_compiled_autosave	1	0	0	0.08199999999999999	0.08199999999999999	0.637	4.650500000000001		0.08199999999999999	3.3405245343916024	15.705945469416044	0.5499936244663601	2.0419352813593457	0.0	0.0	0.39578408882142135	0.039892872892305996	1.7513265442883805	5.679050665624517	0.0	15.75	8.25	15.75	0.0	0.006733888246129379	FALSE
12	B1	amiga_processed_processed_compiled_autosave	1	0	0	0.083	0.083	0.5760000000000001	4.03825		0.083	2.7114834817061064	13.038704149936667	0.4939379467560643	1.9387422560930039	0.0033060089794507697	0.005747624081328784	0.4515412336537387	-0.0623040856683896	1.5350695105986276	7.068931679761125	0.0	15.5	9.25	15.75	1.0	0.006891967660056874	FALSE
13	B2	amiga_processed_processed_compiled_autosave	1	0	0	0.083	0.083	0.645	5.95825		0.083	4.6349297466804735	19.83244904383367	0.5619272998914286	2.049823944961381	0.018367441148694708	0.02890715319311843	0.46805732953696216	-0.05991456598341021	1.4809023100773981	3.856053117284489	0.0	13.25	6.25	15.75	0.0	0.006895608441709893	FALSE
14	B3	amiga_processed_processed_compiled_autosave	1	0	0	0.083	0.083	0.617	6.53275		0.083	5.219931282618121	22.2310740042509	0.5267197238832387	1.9925845417255406	0.02795495348192295	0.04700889853607193	0.46052943675305036	-0.03962119125115966	1.5051093920227112	2.4682134288969824	0.0	10.75	4.75	12.0	0.0	0.006895033359359138	FALSE
15	B4	amiga_processed_processed_compiled_autosave	1	0	0	0.078	0.078	0.086	1.35		0.078	0.10922902988672531	1.2537360094471224	0.007975850361722617	0.0920413193669068	7.857898670060592e-05	0.0009192600442146648	0.06258164394142701	-0.01296264337870652	11.075886424599089	0.09366185485017363	0.0	12.25	0.0	13.5	0.0	0.006083595800447525	FALSE
16	B5	amiga_processed_processed_compiled_autosave	1	0	0	0.083	0.083	1.151	13.258000000000001		0.083	11.937326687512114	32.86822322169108	1.0674446265976087	2.628636664649256	0.006428339332050337	0.005605766592833739	0.8277775338401029	-0.0458336396059481	0.8373592568336562	1.591526889438681	0.0	15.5	3.5	15.75	0.0	0.006913771719074083	FALSE
17	B6	amiga_processed_processed_compiled_autosave	1	0	0	0.084	0.083	1.18	12.583		0.084	11.258075023812992	30.57888875401119	1.0963939279307853	2.6417001728439735	0.010747340859773802	0.009156568220337835	0.9325167797168211	-0.06649236531871529	0.7433079979219617	2.7536298798108403	0.0	15.5	4.5	15.75	0.0	0.0071270456114062965	FALSE
18	B7	amiga_processed_processed_compiled_autosave	1	0	0	0.083	0.083	1.062	12.947000000000001		0.083	11.629038619075136	32.62782424468077	0.9805955492093117	2.5499541659142944	0.006679345916094093	0.006303662077361327	0.9778584074552775	-0.04604397104666306	0.7088420729170306	1.8575282369758417	0.0	15.5	3.5	15.75	1.0	0.006910615164607376	FALSE
19	B8	amiga_processed_processed_compiled_autosave	1	0	0	0.084	0.084	1.037	13.002500000000001		0.084	11.654109589834565	33.20302085773817	0.9547868498263212	2.515239188523684	0.005926523617914681	0.005720154469454286	0.7992655852034514	-0.04149858068843236	0.8672301089799909	1.0569000648141644	0.0	15.5	3.0	15.75	1.0	0.007070739340694072	FALSE
20	B9	amiga_processed_processed_compiled_autosave	1	0	0	0.078	0.077	0.079	1.2445		0.078	0.004892880024398187	-0.04466906677859634	0.0006371241483906359	0.0014656370698466084	0.0010204006808752358	0.01314897055916071	0.0017876004202259225	-0.002108366069193068	387.7528628418778	3.762118407522868	0.0	7.0	0.5	14.0	0.0	0.006084393269186432	TRUE
21	B10	amiga_processed_processed_compiled_autosave	1	0	0	0.08199999999999999	0.08199999999999999	0.626	4.61825		0.08199999999999999	3.3077973378081604	15.673465676975342	0.5331547858988909	2.014980178177048	0.0	0.0	0.40065114976047644	-0.006708135765783519	1.7300516446148562	5.785004939639356	0.0	15.75	8.5	15.75	0.0	0.0067310654711310635	FALSE
22	B11	amiga_processed_processed_compiled_autosave	1	0	0	0.083	0.08199999999999999	0.629	4.136		0.083	2.815260172950725	13.106628423741594	0.5438722663064977	2.0211465196150185	0.0	0.0	0.4458903649096839	0.017116930130869595	1.554523791291933	7.07271823457728	0.0	15.75	9.0	15.75	0.0	0.0068989309509028115	FALSE
23	B12	amiga_processed_processed_compiled_autosave	1	0	0	0.083	0.083	0.696	6.4915		0.083	5.168336591188986	20.883784979872793	0.6127699651274039	2.1257337923703727	0.0034398110122134673	0.004958362610062217	0.5116910801540537	-0.032804148182636474	1.3546204095472232	3.8511956158178244	0.0	15.25	6.0	15.75	0.0	0.006893332890748202	FALSE
24	C1	amiga_processed_processed_compiled_autosave	1	0	0	0.084	0.084	0.7120000000000001	7.4544999999999995		0.084	6.120063648910167	23.77686674078788	0.6231288480091778	2.129534655208371	0.02872877362402293	0.04151219784844207	0.47873851012016544	-0.039025405305890146	1.4478617573212615	2.322309604571547	0.0	12.75	4.5	15.75	0.0	0.007062924919776458	FALSE
25	C2	amiga_processed_processed_compiled_autosave	1	0	0	0.081	0.08	0.09	1.3972499999999999		0.081	0.10675604928593596	1.1994478671734123	0.008649577100091455	0.09755688770856573	0.0	0.0	0.051969679538810015	0.006566158111696174	13.337530396782908	0.0831266144409052	0.0	15.75	0.0	15.75	0.0	0.006560705494334476	FALSE
26	C3	amiga_processed_processed_compiled_autosave	1	0	0	0.083	0.083	1.182	13.485		0.083	12.16381200291897	33.06264698371686	1.0998740348006533	2.656478297878185	0.005306408642347549	0.004497850984678475	0.8650882294062061	-0.0408326198818763	0.8012444939121636	1.6766207393744699	0.0	15.5	3.5	15.75	0.0	0.0069109418927094145	FALSE
27	C4	amiga_processed_processed_compiled_autosave	1	0	0	0.083	0.083	1.2229999999999999	13.004000000000001		0.083	11.690143579358939	31.495599016222894	1.1410452628415346	2.690267026717635	0.007532567277583446	0.0061778536459842215	0.8536866654431893	-0.0488017374322451	0.8119456571341661	2.366702987564297	0.0	15.5	4.25	15.75	0.0	0.006969980741347584	FALSE
28	C5	amiga_processed_processed_compiled_autosave	1	0	0	0.083	0.083	1.219	13.9945		0.083	12.674403318589516	33.66089112943825	1.1370318526656706	2.6873766024881833	0.0044037970166364016	0.003617609524206866	0.8967606964709055	-0.035252895897578566	0.7729455397496157	1.6468828178019321	0.0	15.5	3.5	15.75	0.0	0.006901337596639234	FALSE
29	C6	amiga_processed_processed_compiled_autosave	1	0	0	0.084	0.084	1.046	13.1785		0.084	11.85067661503954	33.47490329109763	0.9636513079801375	2.522414495710244	0.005766043123123232	0.005524933756109629	0.7653470650252145	-0.02499248250197002	0.905663864454892	0.8041157377920667	0.0	15.25	2.25	15.75	0.0	0.007127961325279731	FALSE
30	C7	amiga_processed_processed_compiled_autosave	1	0	0	0.0953	0.0953	0.7492	9.742975000000001		0.0953	8.22035703631444	27.2533856188123	0.6543917984073527	2.0624343864686896	0.011826611900992434	0.015904226537356347	0.9196790064053042	-0.026656738367889676	0.753683813300479	1.508709693504145	0.0	6.75	2.75	7.25	0.0	0.009086113653479685	FALSE
31	C8	amiga_processed_processed_compiled_autosave	1	0	0	0.1072	0.1072	0.5897	7.289775000000001		0.1072	5.571972598132984	20.90631125544361	0.48243488000621326	1.7050271051019281	0.011409850718169023	0.01953604312541324	0.6752344747826967	-0.02951798116309866	1.026528126815523	2.233628168963409	0.0	9.0	3.75	15.75	0.0	0.011498578268505321	FALSE
32	C9	amiga_processed_processed_compiled_autosave	1	0	0	0.1256	0.1216	0.5269	6.69155		0.1256	4.689381214853291	17.95581688735645	0.4021688463531624	1.4346624179629828	0.022978227683001062	0.04455537169613888	0.4062152264770136	-0.023911928929431375	1.706354502196801	0.9286246468032002	0.25	8.5	2.0	9.25	0.0	0.015776350090162806	FALSE
33	C10	amiga_processed_processed_compiled_autosave	1	0	0	0.1032	0.1032	0.1116	1.744575		0.1032	0.06938026867593354	0.8783636086441633	0.006615627594665663	0.0756848359558716	0.0	0.0	0.017531909368492346	0.0047545565430148675	39.5363200887658	-0.8221173410170306	0.0	15.75	0.0	15.75	0.0	0.010650116370490962	TRUE
34	C11	amiga_processed_processed_compiled_autosave	1	0	0	0.0875	0.0869	0.0875	1.3931749999999998		0.0875	-0.000975439612606141	-0.07807982727435991	0.0	-0.00418004796373972	0.0	0.0	9.14193782682891e-05	-0.00017295430835543378	7582.059664918758	69.01570495335977	7.0	0.0	15.75	0.0	0.0	0.0076563696753896605	FALSE
35	C12	amiga_processed_processed_compiled_autosave	1	0	0	0.0958	0.0958	0.7515	9.787225		0.0958	8.254644091775427	27.226019654012347	0.6552669648063273	2.059203570322061	0.008889005413695972	0.011906105505863351	0.865007157610002	-0.020598119102044843	0.8013195896263997	1.4482364127092535	0.0	6.75	2.75	15.75	0.0	0.00917976954863038	FALSE
36	D1	amiga_processed_processed_compiled_autosave	1	0	0	0.1318	0.1103	0.5843	7.25905		0.1318	5.183708480758389	17.663580768900182	0.4544486041670834	1.4888537196928082	0.00946110651414267	0.016329263463144894	0.6999561135204734	-0.022436352252455716	0.9902723430383626	2.5303419917958934	0.5	11.0	3.75	15.75	0.0	0.01737110059501193	FALSE
37	D2	amiga_processed_processed_compiled_autosave	1	0	0	0.1198	0.1198	0.4547	5.8984749999999995		0.1198	3.9565862621405214	17.055865863923017	0.33336064901984364	1.333855724334006	0.0027541305896132684	0.006075192919004824	0.417454383323178	-0.023170648110477105	1.660414187155237	0.6757338893423366	0.0	15.0	1.75	15.75	0.0	0.014352002222745151	FALSE
38	D3	amiga_processed_processed_compiled_autosave	1	0	0	0.1216	0.1096	0.1262	1.9907000000000001		0.1216	0.1461929726877511	0.3603017609773943	0.010942930183939659	0.03714894794175392	0.0009348830758859061	0.007435389326694835	0.03961039600888254	-0.00460612445913614	17.499122715271735	1.698285113895205	0.0	3.5	1.5	4.25	0.0	0.014782569604493026	TRUE
39	D4	amiga_processed_processed_compiled_autosave	1	0	0	0.1305	0.0888	0.1305	1.538725		0.1305	-0.4625826814102296	-4.928247305176149	0.0	-0.04273247618193316	0.0	0.0	0.0037228935154638254	-0.1497510913722723	186.1850675236377	102.89405074863652	4.0	0.0	11.0	0.0	0.0	0.01702638180165199	FALSE
40	D5	amiga_processed_processed_compiled_autosave	1	0	0	0.1181	0.1043	1.1294	14.057375		0.1181	12.158722976198174	28.884403648647165	1.0131559197365863	2.2599675076834043	0.020597777181385113	0.018367983992906733	0.7714274742120693	-0.025147356403067495	0.8985254009366481	1.411522653339311	0.5	8.0	2.5	15.75	0.0	0.014006675001598856	FALSE
41	D6	amiga_processed_processed_compiled_autosave	1	0	0	0.1133	0.1122	0.6082	7.5604499999999994		0.1133	5.749502949351489	20.677339714246155	0.4943574058336616	1.6793564874440337	0.010240433154630302	0.01699962549517897	0.6437809685065555	-0.021028476378860423	1.0766816890656299	2.058467753601021	0.0	9.25	3.5	15.75	0.0	0.012839539510266843	FALSE
42	D7	amiga_processed_processed_compiled_autosave	1	0	0	0.1213	0.1213	0.4438	5.742175		0.1213	3.740595087800811	16.522665498702537	0.31793827252491524	1.295295932391103	0.0012446105329554924	0.002813478437956096	0.3656041902202236	-0.013041154922375127	1.895895066581224	0.5314090249498582	0.0	15.25	1.75	15.75	0.0	0.014715138072786389	FALSE
43	D8	amiga_processed_processed_compiled_autosave	1	0	0	0.1063	0.1063	0.1139	1.7679		0.1063	0.04441297243305932	0.6175577601067186	0.004179215904832376	0.05129080562351402	3.498330752581269e-05	0.00031269446106679116	0.00415987515975342	-0.0004928347916345297	166.62691882345626	-3.1793126956631714	0.0	14.5	0.25	15.75	0.0	0.011299509581301699	TRUE
44	D9	amiga_processed_processed_compiled_autosave	1	0	0	0.0876	0.0863	0.0876	1.386025		0.0876	-0.005664630325260198	-0.17876701110743728	0.0	-0.007093069123534562	0.0	0.0	0.0003242604747734216	-0.0009503065356557941	2137.6246397106675	51.795970365700754	9.5	0.0	15.75	0.0	0.0	0.007673828479620119	FALSE
45	D10	amiga_processed_processed_compiled_autosave	1	0	0	0.1345	0.1203	0.4368	5.311325		0.1345	3.215636573692444	13.264917451926221	0.305324953175963	1.1767430913867067	0.0	0.0	0.34988737059581937	-0.0003597111552987337	1.9810580169829868	1.8133636319913837	1.0	15.75	2.75	15.75	0.0	0.018089384306516423	FALSE
46	D11	amiga_processed_processed_compiled_autosave	1	0	0	0.0988	0.0944	0.505	6.29365		0.0988	4.722265851010923	19.86365147458072	0.40426223375775816	1.6264003539361465	0.018558327961469057	0.03763499889295763	0.751627608854965	-0.02365248909509909	0.9221949438710624	2.3867549056459	0.5	7.0	3.5	7.75	0.0	0.009767529123685701	FALSE
47	D12	amiga_processed_processed_compiled_autosave	1	0	0	0.1204	0.1128	0.1204	1.8403999999999998		0.1204	-0.0030843359446026293	-0.7307333086912414	0.00019763050181842434	-0.04228166180948063	0.0	0.0	0.0010353673125628746	0.0010353673125628746	669.469831768378	56.5873543344918	2.0	15.75	15.75	15.75	0.0	0.01449674346103814	TRUE
48	E1	amiga_processed_processed_compiled_autosave	1	0	0	0.11	0.0932	0.11	1.543975		0.11	-0.10704273046406813	-2.0997279805887796	0.0	-0.06404970103243016	0.0	0.0	0.022227107445189496	-0.05876544968358603	31.184767620762088	20.34073025753068	2.75	0.0	15.75	0.0	0.0	0.012100818633648536	FALSE
49	E2	amiga_processed_processed_compiled_autosave	1	0	0	0.1736	0.1578	0.4595	5.715225		0.1736	2.919880185839226	10.733117999817377	0.2849234016892142	0.9735432923995646	0.0025750824291092544	0.0056189673270991	0.25014787071039163	-0.019130445060810023	2.770949753006035	1.739409939733602	0.75	15.0	2.75	15.75	0.0	0.0301348324133037	FALSE
50	E3	amiga_processed_processed_compiled_autosave	1	0	0	0.1173	0.0966	0.5271	6.36065		0.1173	4.563799324281765	17.363140804109168	0.41178472198261296	1.4968188396504165	0.04014339869253436	0.07969796349069114	0.698610128055556	-0.02795181312423818	0.9921802629589471	2.519006059563347	1.0	5.75	3.5	6.25	0.0	0.013769917644050672	FALSE
51	E4	amiga_processed_processed_compiled_autosave	1	0	0	0.1114	0.1114	0.1294	1.9404499999999998		0.1114	0.03074969072873488	1.352474128035435	0.00340921473237496	0.09675902078248204	0.0	0.0	0.0024053165607992462	0.0009855896465490812	288.1729548021006	-28.51386436111346	0.0	15.75	0.0	15.75	0.0	0.012407352915566938	TRUE
52	E5	amiga_processed_processed_compiled_autosave	1	0	0	0.0911	0.0911	0.10099999999999999	1.519475		0.0911	0.03388095664631094	0.6557046254908399	0.0030975796657239096	0.051307440583226484	0.00010461642321803188	0.0010915306965625093	0.0037741570192242535	-0.0009185818890687166	183.65615872081972	-4.893235561093772	0.0	13.5	0.75	15.75	0.0	0.008295236121196523	TRUE
53	E6	amiga_processed_processed_compiled_autosave	1	0	0	0.1339	0.1172	0.4477	5.4430250000000004		0.1339	3.3671331832970717	13.62954891103916	0.31826247135440866	1.2076783791698846	0.0038847848582134192	0.008709399030165876	0.34869288206586635	-0.021336900988051223	1.9878443645116142	1.8158028855554795	1.0	14.75	2.75	15.75	0.0	0.01792849304156446	FALSE
54	E7	amiga_processed_processed_compiled_autosave	1	0	0	0.0976	0.0976	0.5820000000000001	7.16635		0.0976	5.60234756131624	21.7900679645584	0.4844452908316174	1.785886685223745	0.024155572259138558	0.04237761047660693	0.772526147624298	-0.0261324172381938	0.8972475335515024	2.387454655288423	0.0	8.75	3.5	15.75	0.0	0.009530438214126252	FALSE
55	E8	amiga_processed_processed_compiled_autosave	1	0	0	0.1263	0.1148	0.1263	1.8792499999999999		0.1263	0.004731889545554584	-1.16320617447653	0.0006067950633100866	-0.0700542227470859	0.0	0.0	0.00035154117988808677	0.00035154117988808677	1971.7382207700641	215.02742965813476	0.0	15.75	15.75	15.75	0.0	0.015953226272887838	TRUE
56	E9	amiga_processed_processed_compiled_autosave	1	0	0	0.2037	0.1174	0.2037	2.354625		0.2037	-0.03254638637056186	-5.269119785666813	0.016085716571316244	-0.2115306826007154	0.0	0.0	0.03890072911244513	0.03890072911244513	17.81835961368121	21.187704830397188	2.0	15.75	15.75	15.75	0.0	0.04147709132742884	TRUE
57	E10	amiga_processed_processed_compiled_autosave	1	0	0	0.1009	0.0928	0.1494	1.9753499999999997		0.1009	0.15374627535956026	3.1373632186319416	0.013588022843114764	0.2282650744662472	0.0032051431825443344	0.025607712471584443	0.03866322110924039	-0.011209726293950747	17.92781772117495	-2.971559578307169	0.0	5.25	0.0	7.75	0.0	0.010160025208405329	TRUE
58	E11	amiga_processed_processed_compiled_autosave	1	0	0	0.1317	0.0944	0.1317	1.5577999999999999		0.1317	-0.24087013790668538	-4.850185293937885	0.0	-0.1586901364868111	0.0	0.0	0.015103231174014785	-0.09602643055836854	45.89396617013384	26.21484727050845	3.5	0.0	5.5	0.0	0.0	0.01734284601761926	FALSE
59	E12	amiga_processed_processed_compiled_autosave	1	0	0	0.1261	0.0984	0.1514	1.8766749999999999		0.1261	-0.31898616128971163	-1.2176068061455148	0.0	0.08401719418487343	0.0	0.0	0.08302941254023145	-0.10203091877987674	8.348212511127723	7.804157803664993	4.25	0.0	6.25	1.75	0.0	0.015902915751346034	TRUE
60	F1	amiga_processed_processed_compiled_autosave	1	0	0	0.1019	0.1012	0.1996	2.554125		0.1019	0.9400866704694307	6.640522724855642	0.09588815705009805	0.6578130094545793	0.0010812868559342548	0.005511609763234948	0.19143291493182674	-0.01839846416668178	3.6208359508436128	4.183099922009566	0.0	15.0	5.75	15.75	0.0	0.010382247905922999	FALSE
61	F2	amiga_processed_processed_compiled_autosave	1	0	0	0.1084	0.0959	0.299	3.0688		0.1084	1.3239189460251972	7.363409590335143	0.18783470595112028	1.0074952297341309	0.017288980822414313	0.06000041767063058	0.31227595898948396	-0.031553279140180926	2.219662323039371	6.229620131864088	1.5	13.0	7.75	15.75	0.0	0.011750698484038572	FALSE
62	F3	amiga_processed_processed_compiled_autosave	1	0	0	0.14400000000000002	0.1052	0.3996	3.79315		0.14400000000000002	1.4764196926804765	5.66517610914641	0.24843140678140513	1.0043638841951077	0.02280368930852661	0.059753539885199936	0.3456840122439496	-0.03819019222596456	2.0051467699084404	7.005552090004901	2.75	11.25	8.0	12.25	0.0	0.02073102172621968	FALSE
63	F4	amiga_processed_processed_compiled_autosave	1	0	0	0.196	0.1762	0.2522	3.367575		0.196	0.11240391254546611	1.0081609641838618	0.010268713450287736	0.07852416726581271	0.005918029204774661	0.02831075946539683	0.007938488065869706	-0.0066721390160925645	87.3147600410239	-3.6196652418027906	0.0	9.0	1.5	15.75	0.0	0.038193378939257075	TRUE
64	F5	amiga_processed_processed_compiled_autosave	1	0	0	0.1112	0.0945	0.1112	1.55545		0.1112	-0.17816031144620087	-2.1579974493859355	0.0	-0.026025203169327576	0.0	0.0	0.013341184521630951	-0.05928829482396382	51.95544514327791	16.353890796138625	3.75	0.0	5.75	0.0	0.0	0.012365694279034348	FALSE
65	F6	amiga_processed_processed_compiled_autosave	1	0	0	0.1236	0.0985	0.1398	1.8648		0.1236	-0.20750525628383498	-0.9754931900821204	0.0	0.04693631769877997	0.0	0.0	0.0959089110389596	-0.17686094914114697	7.227140555045806	7.572073271201244	0.0	0.0	6.75	3.25	0.0	0.015291228291367281	TRUE
66	F7	amiga_processed_processed_compiled_autosave	1	0	0	0.1203	0.1015	0.2066	2.545075		0.1203	0.7426817307913137	3.943302589311388	0.08331760758788286	0.4877274499478362	0.003764803337977074	0.019402861911166913	0.18801866556060814	-0.02179747026262514	3.6865870656682653	5.098634080017946	0.0	10.75	5.75	15.75	0.0	0.014469858046399234	FALSE
67	F8	amiga_processed_processed_compiled_autosave	1	0	0	0.1232	0.1065	0.3337	3.264025		0.1232	1.244847435678255	6.666003580359884	0.1865545364835318	0.9308382865871513	0.027303787571540672	0.09142295712980364	0.2923625176825889	-0.03950477194011364	2.3708483086483705	6.539734645740516	0.0	12.75	7.75	15.75	0.0	0.015174423165118198	FALSE
68	F9	amiga_processed_processed_compiled_autosave	1	0	0	0.1107	0.1077	0.4178	3.81185		0.1107	2.029247426228852	10.174507679943137	0.28232823430522147	1.2686208583412466	0.026120811164152657	0.06866069189015733	0.32167750335030015	-0.05351581295827514	2.154789108161917	6.09638303850159	0.0	11.25	8.25	12.25	0.0	0.012264870212197892	FALSE
69	F10	amiga_processed_processed_compiled_autosave	1	0	0	0.0928	0.0925	0.1406	1.703875		0.0928	0.061658706567842454	2.1167508496967278	0.007084859067484503	0.16253909860585203	0.0	0.0	0.0052082418961562635	0.0026890297142417026	133.08659512752183	-18.32585606277743	0.0	15.75	0.0	15.75	0.0	0.00861046195260504	TRUE
70	F11	amiga_processed_processed_compiled_autosave	1	0	0	0.1128	0.0948	0.1376	1.61735		0.1128	-0.191631138705533	-1.807692024344386	0.014795824892862797	0.1253580862801923	0.03220353119092442	0.2901596273694501	0.1742957654361331	-0.25821809932672307	3.976844640060599	1.150880612745805	0.0	2.0	1.5	3.0	1.0	0.0127327276414327	TRUE
71	F12	amiga_processed_processed_compiled_autosave	1	0	0	0.0982	0.0975	0.1368	1.8459		0.0982	0.29990675353016333	2.5170520708705597	0.037673895531057044	0.31212296953190743	0.019627348246776075	0.15815670497691295	0.23187872844475	-0.2954811531895387	2.9892659202032075	1.284307890178229	0.0	2.75	2.25	3.5	1.0	0.009625736047891778	FALSE
72	G1	amiga_processed_processed_compiled_autosave	1	0	0	0.1114	0.1036	0.1892	2.494675		0.1114	0.7167509460169778	5.005981670209743	0.07532552942237276	0.5137178605833516	0.0015895557788967174	0.008573261672257693	0.18887042571208204	-0.025470572369795046	3.6699614455075835	4.911023314291537	0.0	15.0	6.0	15.75	0.0	0.01239681933855917	FALSE
73	G2	amiga_processed_processed_compiled_autosave	1	0	0	0.0975	0.0969	0.2994	3.1435250000000003		0.0975	1.5605707407193066	9.606639039689677	0.19827528671409278	1.1142710289495328	0.009953872171121314	0.03407564659173512	0.2924645224998875	-0.023018838653696208	2.3700214119482195	5.703887401415599	0.0	12.75	7.5	15.75	0.0	0.009502857389518851	FALSE
74	G3	amiga_processed_processed_compiled_autosave	1	0	0	0.1703	0.1703	0.4177	4.5396		0.1703	1.7125860443910828	7.312319508360759	0.22831840349934296	0.8655228115863536	0.015466406324470217	0.038968840488367906	0.20531699314302326	-0.029687605666850327	3.375985445476989	6.0874130286363854	0.0	11.75	8.5	12.75	0.0	0.028987240018304317	FALSE
75	G4	amiga_processed_processed_compiled_autosave	1	0	0	0.08199999999999999	0.08199999999999999	0.19	2.3795		0.08199999999999999	1.0695067872389166	8.664625440490116	0.1110838172140735	0.855674156841016	0.003328540935490981	0.017401985347922477	0.2623988001916943	-0.028546810577812862	2.6415790775474948	4.678114256915014	0.0	8.75	7.0	9.25	0.0	0.006724547538993472	FALSE
76	G5	amiga_processed_processed_compiled_autosave	1	0	0	0.08199999999999999	0.08199999999999999	0.187	2.3635		0.08199999999999999	1.0539353343307676	8.619111458355961	0.1078743446742003	0.8387693257854812	0.0030775745003276678	0.01635567915908509	0.24242010378280449	-0.02685951825836328	2.8592809331563043	4.481777011235815	0.0	8.75	7.0	9.25	0.0	0.006724392138865292	FALSE
77	G6	amiga_processed_processed_compiled_autosave	1	0	0	0.08199999999999999	0.08199999999999999	0.185	2.3545		0.08199999999999999	1.0445590187254852	8.589089766635382	0.10527970485170242	0.8251528572834297	0.0023900754301320604	0.012853652896515189	0.2279175190189969	-0.021445102505076467	3.0412194005243256	4.235009685976943	0.0	8.75	6.75	9.25	0.0	0.006724227888454005	FALSE
78	G7	amiga_processed_processed_compiled_autosave	1	0	0	0.207	0.207	0.605	5.325499999999999		0.207	2.012315756357453	6.0510806328359745	0.3939199343882578	1.065802380092757	0.0	0.0	0.34889902388209315	0.02172381688296455	1.9866698761363897	7.991969781966218	0.0	15.75	9.0	15.75	1.0	0.042852882534949704	FALSE
79	G8	amiga_processed_processed_compiled_autosave	1	0	0	0.205	0.205	0.637	5.423		0.205	2.143021478930571	6.3509871042359105	0.4262258669707344	1.1246029977335028	0.0	0.0	0.3880585305105527	0.022539012797115468	1.7861923551789982	8.005206437852378	0.0	15.75	8.75	15.75	0.0	0.04202726783927254	FALSE
80	G9	amiga_processed_processed_compiled_autosave	1	0	0	0.2	0.2	0.626	5.34375		0.2	2.1430232849233652	6.460283435242439	0.4143851544404118	1.1223463893507417	0.0	0.0	0.4266514132006778	-0.018812936641357962	1.6246217851713052	8.073211772226959	0.0	15.75	8.75	15.75	0.0	0.040001884453126024	FALSE
81	G10	amiga_processed_processed_compiled_autosave	1	0	0	0.0	0.0	0.75	6.35		0.05	6.302159035535976	33.03684058178858	0.7273521115192598	2.7473123036925586	0.18166411616926148	0.2651290786283971	2.5049188645457066	-0.8814538749022542	0.27671442391634304	-0.020845447110668804	0.0	10.25	0.0	12.75	1.0	0.002611348075712456	FALSE
82	G11	amiga_processed_processed_compiled_autosave	1	0	0	0.0	0.0	0.75	6.35		0.05	6.302159035535954	33.03684058178851	0.7273521115192483	2.747312303692543	0.18166411616924139	0.2651290786283682	2.504918864545808	-0.8814538749022442	0.27671442391633183	-0.020845447110664262	0.0	10.25	0.0	12.75	1.0	0.0026113480757123603	FALSE
83	G12	amiga_processed_processed_compiled_autosave	1	0	0	0.0	0.0	0.75	6.35		0.05	6.302159035535998	33.03684058178858	0.7273521115192421	2.747312303692534	0.18166411616922373	0.26512907862834156	2.504918864545985	-0.881453874902248	0.2767144239163123	-0.02084544711065669	0.0	10.25	0.0	12.75	1.0	0.0026113480757125316	FALSE
84	H1	amiga_processed_processed_compiled_autosave	1	0	0	0.0	0.0	0.6	5.4		0.1	5.194894973877306	22.397716961471716	0.5833832893147366	1.9377321173760451	0.32042856668076247	0.6189937439460464	2.002778588275402	-1.2029451306008772	0.34609276562958274	-0.0517270654873647	0.0	4.0	0.0	14.75	1.0	0.010467203956745167	FALSE
85	H2	amiga_processed_processed_compiled_autosave	1	0	0	0.0	0.0	0.6	5.4		0.1	5.194894973877296	22.3977169614717	0.5833832893147387	1.9377321173760482	0.3204285666807619	0.618993743946042	2.002778588275389	-1.20294513060088	0.34609276562958496	-0.05172706548736595	0.0	4.0	0.0	14.75	1.0	0.010467203956745066	FALSE
86	H3	amiga_processed_processed_compiled_autosave	1	0	0	0.0	0.0	0.6	5.4		0.1	5.194894973877302	22.39771696147173	0.5833832893147403	1.937732117376051	0.32042856668076836	0.6189937439460569	2.002778588275366	-1.2029451306008812	0.34609276562958896	-0.05172706548736817	0.0	4.0	0.0	14.75	1.0	0.010467203956745172	FALSE
87	H4	amiga_processed_processed_compiled_autosave	1	0	0	0.1	0.1	0.496759275	3.5017416045000003		0.1	1.893262630075641	11.19887737243197	0.3910251139396182	1.592089768639996	0.0	0.0	0.7271781920555964	0.2729190985416127	0.9532012760181218	0.3809533972674517	0.0	15.75	1.0	15.75	1.0	0.009998819624234778	FALSE
88	H5	amiga_processed_processed_compiled_autosave	1	0	0	0.1	0.1	0.496759275	3.5017416045000003		0.1	1.8932626300582498	11.198877372424008	0.39102511392889944	1.5920897686200521	0.0	0.0	0.7271781920325814	0.27291909830986755	0.9532012760482903	0.38095339724319865	0.0	15.75	1.0	15.75	1.0	0.009998819624202638	FALSE
89	H6	amiga_processed_processed_compiled_autosave	1	0	0	0.1	0.1	0.496759275	3.5017416045000003		0.1	1.8932626300582536	11.198877372424029	0.39102511392889966	1.5920897686200526	0.0	0.0	0.7271781920325763	0.2729190983098587	0.9532012760482971	0.38095339724320465	0.0	15.75	1.0	15.75	1.0	0.009998819624202687	FALSE
90	H7	amiga_processed_processed_compiled_autosave	1	0	0	0.09	0.09	0.09	1.44		0.09	0.0	0.0	0.0	0.0	0.0	0.0	0.0	0.0	inf	inf	0.0	0.0	0.0	0.0	0.0	0.008099999999999996	FALSE
91	H8	amiga_processed_processed_compiled_autosave	1	0	0	0.0	0.0	0.0	0.0		0.01	0.0	0.0	0.0	0.0	0.0	0.0	0.0	0.0	inf	inf	0.0	0.0	0.0	0.0	0.0	0.0001000000000000002	FALSE
92	H9	amiga_processed_processed_compiled_autosave	1	0	0	0.0	0.0	0.0	0.0		0.01	0.0	0.0	0.0	0.0	0.0	0.0	0.0	0.0	inf	inf	0.0	0.0	0.0	0.0	0.0	0.0001000000000000002	FALSE
93	H10	amiga_processed_processed_compiled_autosave	1	0	0	0.0	0.0	0.0	0.0		0.01	0.0	0.0	0.0	0.0	0.0	0.0	0.0	0.0	inf	inf	0.0	0.0	0.0	0.0	0.0	0.0001000000000000002	FALSE
94	H11	amiga_processed_processed_compiled_autosave	1	0	0	0.0	0.0	0.0	0.0		0.01	0.0	0.0	0.0	0.0	0.0	0.0	0.0	0.0	inf	inf	0.0	0.0	0.0	0.0	0.0	0.0001000000000000002	FALSE
95	H12	amiga_processed_processed_compiled_autosave	1	0	0	0.0	0.0	0.0	0.0		0.01	0.0	0.0	0.0	0.0	0.0	0.0	0.0	0.0	inf	inf	0.0	0.0	0.0	0.0	0.0	0.0001000000000000002	FALSE
